# Created by Octave 9.1.0, Tue Jun 11 22:38:07 2024 GMT <unknown@PRN-ThinkpadT50>
# name: date
# type: double_range
# base, limit, increment
2 30 1


# name: temperature
# type: matrix
# rows: 2
# columns: 29
 35 36 36 35 36 35 34 33 32 32 33 32 32 32 32 33 33 32 32 33 33 32 33 33 32 32 32 31 31
 26 26 25 26 26 24 25 25 24 24 24 23 25 25 24 25 24 24 24 25 24 25 25 24 25 24 24 23 24


