# Created by Octave 9.2.0, Mon Jun 10 22:24:26 2024 +07 <pharino@pharino-X450JF>
# name: year
# type: double_range
# base, limit, increment
1980 2021 1


# name: per_capita_energy_use
# type: matrix
# rows: 1
# columns: 42
 213.39365000000001 219.09146000000001 230.18384 241.70012 255.31156999999999 248.37183999999999 241.1216 233.49458000000001 242.94677999999999 235.42989 229.13377 234.03382999999999 224.29364000000001 212.7902 205.51372000000001 568.51733000000002 610.1345 702.97820000000002 804.94140000000004 812.65686000000005 739.45550000000003 769.40970000000004 754.14469999999994 803.81635000000006 813.56444999999997 909.82135000000005 967.99585000000002 1116.1547 1152.201 1399.9335000000001 1591.3198 1623.9176 1783.7217000000001 1866.1188999999999 2031.7474 2299.2489999999998 2828.7440000000001 2950.2995999999998 3674.9281999999998 4069.4607000000001 3918.6374999999998 4035.0812999999998


